12471 500
80 49
39 83
88 11
52 96
73 72
39 99
72 88
80 11
16 48
74 85
35 99
61 4
9 77
9 37
34 88
38 31
14 92
29 87
10 83
13 69
57 70
42 3
83 92
25 90
16 34
47 62
55 80
43 96
94 39
10 60
19 22
71 19
100 66
31 42
52 85
37 26
83 80
77 80
19 53
81 33
47 8
89 78
90 82
10 25
56 65
66 52
50 14
23 38
15 57
11 34
29 3
90 34
55 15
46 22
15 16
82 55
66 60
34 49
12 40
46 84
22 49
26 34
47 27
62 94
20 2
44 90
82 35
36 53
2 13
28 4
37 26
13 17
21 35
92 23
69 12
93 95
54 7
2 46
99 92
14 100
40 68
1 67
60 43
72 53
98 46
73 87
4 90
39 71
38 20
24 74
59 53
42 46
45 1
31 62
24 24
21 27
34 20
39 95
63 14
73 10
36 81
34 16
56 99
12 30
90 92
69 91
31 87
75 65
95 57
87 70
12 61
98 67
96 93
22 4
20 43
100 21
92 71
4 26
27 17
52 73
90 3
18 71
98 41
36 34
68 74
48 45
2 7
32 42
88 99
69 82
2 32
19 12
85 31
50 73
38 39
36 82
36 40
34 5
10 71
72 41
34 61
41 10
42 71
76 72
55 59
92 13
97 77
91 25
20 90
6 65
14 20
11 40
22 14
84 63
41 4
82 46
40 17
47 35
58 12
97 24
34 86
79 16
91 31
21 36
65 73
94 98
53 99
36 5
94 62
12 78
6 51
29 78
75 70
96 47
95 8
63 71
52 37
17 35
63 56
53 26
1 81
76 12
67 98
71 90
81 69
36 37
87 88
64 68
81 56
60 50
48 54
59 33
37 94
38 81
40 96
34 45
50 93
99 29
37 37
13 79
30 69
33 98
97 68
99 39
12 11
86 10
99 87
22 48
37 97
24 45
45 68
44 69
83 35
91 57
25 87
35 45
61 41
33 84
37 71
18 37
85 72
51 80
57 95
76 88
1 71
87 39
73 37
14 19
18 5
43 7
84 66
72 89
34 49
99 19
23 94
8 90
65 99
57 91
36 43
50 96
20 30
44 59
37 95
32 41
44 28
29 71
2 20
31 98
90 95
65 91
72 41
20 75
62 22
59 66
61 7
23 5
3 18
8 57
43 64
27 81
65 74
75 10
81 1
98 10
41 55
21 35
22 50
71 10
25 97
24 33
6 43
61 91
39 28
68 3
95 38
5 89
6 53
11 33
40 61
65 66
32 93
92 61
38 9
93 43
32 89
79 67
51 30
82 42
33 68
65 18
38 9
82 70
9 11
51 51
7 95
91 30
41 68
83 87
32 71
35 96
91 8
13 81
93 34
46 93
69 84
16 85
26 73
89 4
24 27
23 31
70 10
36 34
5 63
11 61
92 41
30 74
14 94
11 26
90 99
21 92
67 64
34 75
25 53
19 97
80 91
66 36
86 12
98 58
9 82
64 59
89 85
8 60
96 62
92 85
34 17
70 49
87 48
96 56
15 44
32 3
77 47
73 16
7 74
9 62
71 86
77 83
46 37
57 15
60 99
59 77
99 88
26 76
4 55
49 47
16 3
98 77
85 73
99 90
20 48
85 58
37 84
84 47
13 17
22 61
86 70
1 92
41 70
78 97
66 98
63 94
19 43
92 14
13 43
76 40
77 16
52 38
13 45
72 89
61 42
90 99
61 67
2 11
74 89
86 52
24 26
87 1
40 12
27 41
30 71
26 86
46 82
24 42
1 94
69 25
73 51
93 87
92 91
59 48
9 60
60 45
89 1
66 77
89 67
74 12
8 35
31 15
17 86
94 77
60 98
67 35
65 9
93 74
93 4
95 86
30 76
1 51
36 49
71 12
75 99
58 59
29 79
49 34
80 76
62 21
8 27
35 51
79 30
65 73
22 13
15 17
43 96
11 36
54 17
92 92
16 41
7 100
74 42
93 7
71 89
24 50
75 7
31 92
51 58
59 45
75 67
14 38
91 65
34 100
78 68
100 35
64 71
28 76
40 97
6 99
93 52
21 93
39 13
83 5
27 32
46 96
94 9
98 92
46 90
54 62
3 50
40 85
4 21
36 28
39 89
20 27
36 42
47 52
10 83
33 86
86 42
76 19
43 80
7 8
83 5
98 4
44 92
8 12
42 74
71 96
87 27
77 63
64 4
8 94
21 32
100 42
60 82
50 38
4 20
68 29
10 71
51 92
40 13
28 39
65 25
23 86
